20091701
20142505
20102806
20142508
20132808
20102203
20102808
20113103
20113105
20134308
20143607
20102829
20132527
20103306
20142535
20123120
20142538
20143121
20131709
20142551
20092850
20113123
20143217
20143131
20128009
20122216
20143134
20121123
20122121
20122218
20103317
20103319
20131121
20134339
20143221
20144337
20144338
20144340
20132582
20131123
20101722
20132229
20102903
20102908
20144341
20121133
20122609
20113151
20131726
20132613
20143229
20143230
20112633
20126282
20111239
20133161
20132933
20142236
20122150
20143243
20143167
20102952
20114157