1  20128009    94
2  20091701    86
3  20142505   100
4  20102806   100
5  20142508    86
6  20132808    94
7  20102203    94
8  20102808   100
9  20113103   100
10 20113105   100
11 20134308    74
12 20143607    98
13 20102829   100
14 20132527    94
15 20103306    70
16 20142535    66
17 20123120   100
18 20142538   100
19 20143121   100
20 20131709   100
21 20114123    98
22 20142551   100
23 20092850   100
24 20112567    76
25 20113123   100
26 20143217    94
27 20143131    94
28 20122216    94
29 20143134   100
30 20121123   100
31 20112579    94
32 20144326    46
33 20122121   100
34 20122218   100
35 20103317    70
36 20103319    64
37 20131121   100
38 20134339    78
39 20143221   100
40 20144337   100
41 20144338    86
42 20144340   100
43 20132582    90
44 20131123   100
45 20101722   100
46 20132229    92
47 20102903    94
48 20102908    74
49 20144347    90
50 20121133   100
51 20142897    88
52 20122609   100
53 20113151   100
54 20131726   100
55 20081519    58
56 20132613    98
57 20143229    94
58 20143230   100
59 20112633   100
60 20126282    98
61 20111239   100
62 20133161   100
63 20132933    64
64 20142236   100
65 20112944    78
66 20132144    78
67 20122150   100
68 20143243    92
69 20143167   100
70 20102952    94
71 20114157    94