20122150
20132229
20112944
20102203
20143167
20122121
20143230
20121123
20143121
20143134
20131726
20131709
20144347
20144338
20128009
20131123
20113105
20142508
20142505
20123120
20126282
20081519
20102829
20092850
20143607
NA
20102903
20132808
20142538
20102952
20131121
20122216
20122218
20132613
20132582
20143243
20102808
20091701
20144337
20111239
20144340
20103306
20103317
20103319
20121133
20122609
20143229
20102806
20143221
20143131
20112633
20112579
20142236
20142897
20133161
20142551
20134339
20142535
20101722
20113103
20132527
20114157
20113151
20113123
20102908